1995514
1995298
1995111
1994209
1986767
1969131
1994300
1994263
1994244
1994178
1994153
1994151
1994141
1994134
1994124
1994119
1994095
1994083
1994077
1994074
1994054
1994007
1985288
1993603
1993903
1993849
1993838
1993808
1993789
1993777
1993747
1993707
1993701
1993694
1993686
1993680
1993679
1993657
1993616
1993611
1993604
1993347
1993558
1993517
1993495
1993472
1993077
1993326
1993310
1993297
1993290
1991946
1993282
1993270
1993217
1993205
1993198
1993188
1993177
1979171
1993085
1993071
1993043
1978171
1992996
1992994
1992732
1992971
1992965
1992917
1992865
1992817
1974167
1992779
1992767
1992706
1992688
1992661
1992640
1992622
1992608
1992604
1992597
1992593
1992542
1992532
1992514
1992333
1992495
1992490
1992476
1992414
1992410
1992143
1990954
1976083
1990158
'ascii' codec can't encode character u'\xa0' in position 11: ordinal not in range(128)
